#gen	avg	min
0	777.1913736	352.588853333
1	806.478413333	352.427653333
2	838.006389467	352.33968
3	869.006851067	352.22092
4	903.7476252	352.0372
5	929.399560133	352.00924
6	956.576786133	351.81984
7	977.2545712	351.73924
8	1000.9157492	351.68924
9	1021.40409507	351.57592
10	1037.361436	351.50552
11	1055.06815587	351.47756
12	1068.3815672	351.34768
13	1085.64664147	351.22996
14	1101.99970093	350.966066667
15	1114.0578112	350.923626667
16	1128.46599307	350.85348
17	1139.834888	350.82716
18	1149.4359552	350.640613333
19	1156.0229476	350.466373333
20	1165.47693267	350.388533333
21	1175.91160493	350.285413333
22	1183.30591813	350.151853333
23	1189.92487867	349.973533333
24	1200.31701187	349.940386667
25	1210.7858328	349.858466667
26	1212.92586253	349.755333333
27	1220.8604588	349.5372
28	1227.7438312	349.394453333
29	1235.41358787	349.281133333
30	1245.64344987	349.201333333
31	1253.9124224	349.044133333
32	1260.6431412	348.959106667
33	1266.65727427	348.9246
34	1271.2803664	348.855773333
35	1275.01647987	348.551306667
36	1281.40556533	348.423466667
37	1287.75261667	348.381506667
38	1295.75896293	348.280613333
39	1300.7304044	348.201453333
40	1302.96870467	348.132506667
41	1308.29554027	348.10496
42	1313.40608907	348.062866667
43	1317.396436	347.986653333
44	1317.50618147	347.802426667
45	1325.52223773	347.671266667
46	1329.03793907	347.58316
47	1332.40690213	347.525173333
48	1335.5415372	347.485306667
49	1338.976912	347.258973333
50	1343.4933172	347.212453333
51	1345.878314	347.1306
52	1348.62709413	347.07448
53	1352.20300093	346.99316
54	1355.4562576	346.883866667
55	1359.98732267	346.755186667
56	1361.2108472	346.73144
57	1362.844348	346.67964
58	1365.62090187	346.568066667
59	1371.0482528	346.549973333
60	1371.24006893	346.502586667
61	1371.82387093	346.412946667
62	1376.08419253	346.242346667
63	1378.66971707	346.14768
64	1382.84159853	346.034533333
65	1386.80340053	345.96076
66	1388.1360588	345.795733333
67	1393.22615	345.77352
68	1396.91064747	345.722546667
69	1396.13076653	345.59676
70	1398.80297373	345.51664
71	1402.28925573	345.460746667
72	1404.09977787	345.427
73	1410.54124827	345.39764
74	1413.26717013	345.331666667
75	1416.11976747	345.323213333
76	1417.425656	345.228933333
77	1416.63232507	345.211733333
78	1419.13352053	345.159973333
79	1420.7181496	345.087266667
80	1422.24623853	345.012693333
81	1423.9303924	344.983693333
82	1422.6435204	344.96288
83	1424.94481027	344.95152
84	1427.23929707	344.93068
85	1428.05563107	344.877813333
86	1425.3077608	344.809106667
87	1426.815836	344.746506667
88	1428.88364173	344.73704
89	1431.3142572	344.629946667
90	1434.12776507	344.59668
91	1431.4004936	344.508973333
92	1434.40793373	344.43076
93	1436.33184507	344.37924
94	1438.49425187	344.369746667
95	1441.5936092	344.302866667
96	1440.68401573	344.279533333
97	1444.86434773	344.21416
98	1442.98658027	344.21416
99	1444.14153813	344.182493333
100	1443.75533827	344.17984
101	1443.76076053	344.060866667
102	1448.15570093	344.055306667
103	1450.0961712	343.907693333
104	1452.95494853	343.848773333
105	1450.03974973	343.788826667
106	1451.28065747	343.756426667
107	1457.21098013	343.69844
108	1454.63166333	343.690733333
109	1453.35041853	343.6344
110	1457.5123516	343.57428
111	1456.99782427	343.561586667
112	1455.24826027	343.513066667
113	1462.67870013	343.41728
114	1463.86452093	343.309693333
115	1461.48758813	343.253053333
116	1460.60735507	343.234213333
117	1461.73895787	343.20212
118	1459.05735413	343.13388
119	1461.61013227	343.063373333
120	1460.98066213	343.048013333
121	1462.9602884	342.986666667
122	1463.3738484	342.935533333
123	1464.09662253	342.84692
124	1463.74136307	342.8298
125	1466.16987533	342.783706667
126	1466.9663012	342.74788
127	1468.4968372	342.67276
128	1471.1179776	342.65756
129	1473.32504413	342.630266667
130	1476.58205853	342.59532
131	1476.52614867	342.59532
132	1476.273762	342.576386667
133	1476.6522924	342.501893333
134	1477.97927147	342.490293333
135	1480.80654133	342.477733333
136	1482.661718	342.460306667
137	1484.00838733	342.409066667
138	1482.473338	342.37496
139	1480.11114573	342.348986667
140	1480.80783	342.321213333
141	1481.5267956	342.30868
142	1480.62560253	342.2926
143	1482.13712693	342.274533333
144	1481.6328656	342.19684
145	1484.35819187	342.181573333
146	1483.02037093	342.149613333
147	1482.7148972	342.077306667
148	1484.807844	342.044653333
149	1486.51658787	341.997
150	1488.83899453	341.97468
151	1489.0942896	341.953506667
152	1486.54242827	341.933413333
153	1488.4017064	341.901106667
154	1487.3381252	341.87764
155	1486.611388	341.824733333
156	1486.47595587	341.815653333
157	1487.76355693	341.80936
158	1489.1241336	341.746746667
159	1490.69298867	341.739226667
160	1490.44997987	341.739226667
161	1487.34707613	341.71024
162	1489.65792107	341.676986667
163	1493.01181067	341.671533333
164	1492.8276612	341.65684
165	1489.42168373	341.64344
166	1491.62557013	341.62444
167	1490.64331227	341.606053333
168	1488.41071187	341.606053333
169	1491.53486373	341.59076
170	1493.144952	341.4828
171	1497.0164976	341.477973333
172	1493.52437907	341.329426667
173	1492.9582076	341.323013333
174	1496.16529427	341.308866667
175	1496.69455227	341.303533333
176	1493.8102828	341.231866667
177	1495.3608128	341.154306667
178	1500.27745707	341.142293333
179	1495.98491347	341.128293333
180	1498.39764853	341.098586667
181	1497.16903293	341.036133333
182	1495.81392333	340.98908
183	1498.3224528	340.979346667
184	1499.20998293	340.974013333
185	1500.621642	340.967733333
186	1500.28950947	340.953453333
187	1499.82657907	340.92068
188	1500.28656947	340.90624
189	1499.44919773	340.87744
190	1497.1622556	340.867533333
191	1500.55735933	340.7848
192	1500.9489584	340.74004
193	1503.52963507	340.72532
194	1499.4082776	340.709466667
195	1499.82803947	340.633986667
196	1502.47828827	340.613813333
197	1501.859688	340.613813333
198	1499.2771028	340.575986667
199	1497.72280453	340.5436
200	1500.81157107	340.534133333
201	1499.13530547	340.531013333
202	1496.626902	340.511906667
203	1503.08504107	340.492106667
204	1504.6445812	340.481666667
205	1504.10183613	340.434773333
206	1500.0245936	340.41348
207	1500.40644813	340.40288
208	1501.28805213	340.393413333
209	1501.7497732	340.376786667
210	1501.1025848	340.375426667
211	1500.60428867	340.356026667
212	1500.29418093	340.346493333
213	1500.54949787	340.346493333
214	1501.6589428	340.337346667
215	1502.6740368	340.294826667
216	1504.51731253	340.242266667
217	1504.90325533	340.22096
218	1506.23976467	340.19556
219	1503.6765	340.177026667
220	1504.4521752	340.16856
221	1499.22837853	340.159093333
222	1500.93708827	340.099986667
223	1501.2415968	340.092333333
224	1504.22694267	340.040613333
225	1500.32410133	340.040613333
226	1505.18786387	340.03088
227	1503.9229848	340.005866667
228	1506.23285347	340.005866667
229	1507.460554	340.004466667
230	1506.08544387	339.966346667
231	1505.36264893	339.966346667
232	1507.0824564	339.92208
233	1507.34611707	339.92208
234	1506.04745453	339.850573333
235	1503.22480693	339.8498
236	1506.23665827	339.83892
237	1504.56188133	339.83272
238	1504.97854453	339.806733333
239	1506.31684333	339.806733333
240	1504.9933256	339.766373333
241	1505.82349773	339.76384
242	1507.07894987	339.732333333
243	1510.4584328	339.72068
244	1507.853384	339.72068
245	1508.99540093	339.66624
246	1508.26308773	339.644106667
247	1504.8393256	339.644106667
248	1506.54462267	339.644106667
249	1503.5629056	339.639066667
250	1505.0015644	339.63232
251	1507.436522	339.625786667
252	1510.07526787	339.625786667
253	1510.96437213	339.625786667
254	1510.70880667	339.625786667
255	1509.76791947	339.610573333
256	1508.43248427	339.610573333
257	1506.06316387	339.60124
258	1510.14983427	339.60124
259	1511.60942027	339.60124
260	1511.08746613	339.60124
261	1510.66124707	339.60124
262	1509.9918304	339.60124
263	1513.2467684	339.60124
264	1510.9530608	339.591373333
265	1513.89263493	339.589506667
266	1515.03351747	339.589506667
267	1512.6516008	339.582973333
268	1510.0497148	339.5418
269	1512.09687707	339.5376
270	1511.18799293	339.5376
271	1513.64495067	339.5376
272	1511.93110347	339.531386667
273	1513.28733973	339.520506667
274	1517.21900293	339.520506667
275	1513.32413627	339.517573333
276	1515.51024107	339.513373333
277	1511.52679	339.513373333
278	1510.97221413	339.506053333
279	1513.83744373	339.506053333
280	1511.58050667	339.436733333
281	1516.32911093	339.436733333
282	1515.67771773	339.42668
283	1513.45122453	339.42668
284	1512.40837893	339.390613333
285	1512.00482107	339.346093333
286	1515.15669693	339.340426667
287	1514.76170213	339.337893333
288	1519.6912628	339.333173333
289	1519.87216627	339.331546667
290	1517.74576187	339.331546667
291	1518.8762836	339.303093333
292	1514.82087747	339.267866667
293	1515.6298132	339.266133333
294	1515.4932048	339.266133333
295	1515.10110133	339.253373333
296	1515.31422387	339.253373333
297	1517.29255813	339.24344
298	1513.8148624	339.23376
299	1511.29679773	339.227226667
