===Montage_50================
	____________old_pop________________|||||||____________random________________
	task_id	iter_avr	iter_sigma	makespan_avr	makespan_sigma	|	iter_avr	iter_sigma	makespan_avr	makespan_sigma
	 ID00010_000 	14.00	2.28	413.17	50.65	|	15.80	3.19	411.58	42.02	
	 ID00005_000 	24.80	10.61	334.52	42.39	|	25.00	7.40	321.23	51.35	
	 ID00045_000 	10.00	0.00	391.91	19.48	|	11.60	1.02	389.56	15.06	
	 ID00035_000 	17.40	6.65	343.88	53.46	|	22.40	7.66	366.55	38.15	
	 ID00020_000 	17.00	4.60	336.07	29.63	|	19.80	6.49	355.91	58.66	
	 ID00049_000 	10.00	0.00	469.03	54.46	|	10.00	0.00	469.03	54.46	
	 ID00015_000 	16.80	6.55	379.74	33.66	|	25.40	14.15	364.57	33.99	
	 ID00030_000 	14.60	3.72	337.57	20.41	|	22.80	7.63	372.68	39.31	
	 ID00040_000 	10.20	0.40	402.20	28.84	|	11.00	0.63	402.20	28.84	
	 ID00025_000 	21.20	1.72	347.61	44.45	|	24.20	4.79	341.62	46.27	
	overall     	15.60	6.79	375.57	57.81	|	18.80	8.88	379.49	58.01